instancia idx corregido publicado
E-n30-k3 1 0.000000 -5.805243
B-n51-k7 2 0.000000 -1.550388
B-n57-k7 3 0.000000 -1.127493
A-n32-k5 4 0.000000 0.000000
A-n33-k5 5 0.000000 0.000000
A-n33-k6 6 0.000000 0.000000
A-n34-k5 7 0.000000 0.000000
A-n36-k5 8 0.000000 0.000000
A-n37-k5 9 0.000000 0.000000
A-n37-k6 10 0.000000 0.000000
A-n38-k5 11 0.000000 0.000000
A-n39-k5 12 0.000000 0.000000
A-n44-k6 13 0.000000 0.000000
A-n45-k7 14 0.000000 0.000000
A-n46-k7 15 0.000000 0.000000
A-n48-k7 16 0.000000 0.000000
A-n53-k7 17 0.000000 0.000000
A-n55-k9 18 0.000000 0.000000
A-n60-k9 19 0.000000 0.000000
B-n31-k5 20 0.000000 0.000000
B-n34-k5 21 0.000000 0.000000
B-n35-k5 22 0.000000 0.000000
B-n38-k6 23 0.000000 0.000000
B-n39-k5 24 0.000000 0.000000
B-n41-k6 25 0.000000 0.000000
B-n43-k6 26 0.000000 0.000000
B-n44-k7 27 0.000000 0.000000
B-n45-k5 28 0.000000 0.000000
B-n45-k6 29 0.000000 0.000000
B-n50-k7 30 0.000000 0.000000
B-n52-k7 31 0.000000 0.000000
E-n22-k4 32 0.000000 0.000000
E-n23-k3 33 0.000000 0.000000
E-n33-k4 34 0.000000 0.000000
E-n51-k5 35 0.000000 0.000000
B-n56-k7 36 0.000000 0.084866
B-n63-k10 37 0.000000 0.180481
A-n54-k7 38 0.008569 0.000000
B-n64-k9 39 0.023229 0.290360
B-n57-k9 40 0.025031 0.012516
B-n78-k10 41 0.081900 0.122850
A-n62-k8 42 0.085404 0.124224
A-n61-k9 43 0.096712 0.096712
B-n50-k8 44 0.114329 0.221037
A-n39-k6 45 0.120337 0.144404
B-n66-k9 46 0.129179 0.167173
E-n76-k8 47 0.136054 0.204082
B-n67-k10 48 0.164729 0.145349
A-n65-k9 49 0.178876 0.204429
A-n63-k10 50 0.235921 0.273973
A-n69-k9 51 0.250216 0.431406
E-n76-k14 52 0.293830 0.235064
A-n63-k9 53 0.352723 0.662129
E-n76-k10 54 0.361446 0.457831
E-n101-k8 55 0.380368 0.539877
E-n76-k7 56 0.381232 0.586510
B-n68-k9 57 0.511006 1.045597
A-n80-k10 58 0.623936 0.567215
A-n64-k9 59 0.778016 0.620985
E-n101-k14 60 1.077788 1.312090
