instancia n senda hgs filo2
X-n200-k36 200 2.824098 0.431391 1.897299
X-n204-k19 204 2.917966 0.546895 0.718119
X-n209-k16 209 2.879697 1.081354 0.414275
X-n214-k11 214 7.141673 2.057848 1.727155
X-n219-k73 219 0.224584 0.108593 0.020749
X-n223-k34 223 3.266316 0.911541 0.644459
X-n228-k23 228 2.448528 0.557843 0.398182
X-n233-k16 233 3.942278 0.848154 0.528341
X-n237-k14 237 3.067820 0.666741 0.162340
X-n242-k48 242 2.351271 1.434786 0.602530
X-n247-k50 247 2.973386 1.319418 1.096206
X-n251-k28 251 3.323596 1.159911 0.648072
X-n256-k16 256 3.332449 0.513828 0.262753
X-n261-k13 261 5.878831 2.128925 0.766247
X-n266-k58 266 2.814595 1.597022 1.132515
X-n270-k35 270 3.755915 0.686011 0.423337
X-n275-k28 275 3.425277 0.677807 0.083314
X-n280-k17 280 5.729636 1.049458 0.675462
X-n284-k15 284 5.939385 3.100959 1.158410
X-n289-k60 289 3.310633 1.802608 1.174975
X-n294-k50 294 3.369097 1.223044 0.602829
X-n298-k31 298 7.092402 1.442844 0.674243
X-n303-k21 303 4.964575 1.550423 0.604527
X-n308-k13 308 6.258556 1.452492 1.646622
X-n313-k71 313 2.845720 1.484959 1.238051
X-n317-k53 317 0.946844 0.369983 0.282177
X-n322-k28 322 5.534625 1.543541 0.752497
X-n327-k20 327 5.219744 2.182914 0.927648
X-n331-k15 331 5.004823 1.845540 0.241785
X-n336-k84 336 3.757144 2.003364 1.246559
X-n344-k43 344 4.356956 1.701308 0.924851
X-n351-k40 351 6.387473 2.659484 1.223355
X-n359-k29 359 5.244151 2.845937 0.818950
X-n367-k17 367 7.240291 2.014114 0.571579
X-n376-k94 376 0.669812 0.430429 0.055107
X-n384-k52 384 4.555424 2.049964 0.750667
X-n393-k38 393 4.811553 2.104548 0.521955
X-n401-k29 401 3.463887 1.989298 0.639417
X-n411-k19 411 7.104809 2.417309 1.282468
X-n420-k130 420 3.584111 1.442698 0.671812
X-n429-k61 429 4.932085 2.030589 0.867699
